Lenet dump for the last iteration
LAYER0: input image, size=[28x28]
0.437500 0.187500 0.125000 0.562500 0.062500 0.875000 0.375000 0.625000 0.437500 0.375000 0.187500 0.187500 0.125000 0.687500 0.687500 0.750000 0.437500 0.062500 0.125000 0.750000 0.625000 0.687500 0.437500 0.500000 0.750000 0.812500 0.125000 0.000000 
0.250000 0.875000 0.187500 0.125000 0.812500 0.125000 0.312500 0.750000 0.437500 0.750000 0.812500 0.875000 0.750000 0.562500 0.250000 0.062500 0.125000 0.875000 0.000000 0.687500 0.687500 0.000000 0.625000 0.562500 0.687500 0.562500 0.250000 0.687500 
0.687500 0.687500 0.875000 0.750000 0.750000 0.562500 0.687500 0.000000 0.125000 0.812500 0.000000 0.812500 0.750000 0.875000 0.000000 0.250000 0.437500 0.437500 0.187500 0.687500 0.500000 0.500000 0.250000 0.062500 0.250000 0.437500 0.625000 0.812500 
0.500000 0.875000 0.437500 0.687500 0.062500 0.562500 0.250000 0.000000 0.000000 0.000000 0.687500 0.062500 0.312500 0.625000 0.687500 0.625000 0.250000 0.125000 0.687500 0.000000 0.000000 0.250000 0.187500 0.000000 0.625000 0.000000 0.625000 0.437500 
0.312500 0.312500 0.312500 0.500000 0.125000 0.187500 0.875000 0.625000 0.125000 0.312500 0.812500 0.062500 0.500000 0.875000 0.875000 0.250000 0.187500 0.562500 0.062500 0.875000 0.000000 0.000000 0.875000 0.500000 0.750000 0.375000 0.437500 0.812500 
0.187500 0.625000 0.187500 0.500000 0.312500 0.187500 0.500000 0.125000 0.437500 0.687500 0.125000 0.250000 0.250000 0.125000 0.437500 0.375000 0.875000 0.125000 0.062500 0.125000 0.562500 0.187500 0.812500 0.500000 0.375000 0.562500 0.125000 0.500000 
0.312500 0.000000 0.000000 0.500000 0.812500 0.562500 0.687500 0.437500 0.687500 0.125000 0.500000 0.500000 0.312500 0.437500 0.000000 0.062500 0.187500 0.687500 0.250000 0.125000 0.875000 0.125000 0.312500 0.312500 0.625000 0.750000 0.000000 0.375000 
0.312500 0.500000 0.875000 0.187500 0.812500 0.250000 0.375000 0.000000 0.250000 0.625000 0.812500 0.062500 0.687500 0.625000 0.812500 0.750000 0.750000 0.062500 0.500000 0.125000 0.062500 0.875000 0.125000 0.312500 0.750000 0.625000 0.250000 0.562500 
0.812500 0.875000 0.562500 0.562500 0.375000 0.375000 0.375000 0.312500 0.750000 0.625000 0.562500 0.750000 0.062500 0.625000 0.250000 0.875000 0.812500 0.812500 0.562500 0.687500 0.437500 0.000000 0.750000 0.500000 0.625000 0.500000 0.875000 0.500000 
0.250000 0.562500 0.562500 0.437500 0.125000 0.437500 0.187500 0.187500 0.750000 0.812500 0.187500 0.750000 0.187500 0.875000 0.375000 0.250000 0.875000 0.750000 0.000000 0.250000 0.750000 0.187500 0.000000 0.625000 0.687500 0.312500 0.812500 0.187500 
0.875000 0.625000 0.750000 0.187500 0.687500 0.375000 0.625000 0.437500 0.375000 0.375000 0.000000 0.625000 0.875000 0.562500 0.312500 0.187500 0.562500 0.687500 0.750000 0.750000 0.812500 0.875000 0.375000 0.375000 0.187500 0.562500 0.062500 0.312500 
0.750000 0.562500 0.625000 0.500000 0.250000 0.187500 0.125000 0.875000 0.750000 0.187500 0.687500 0.625000 0.875000 0.312500 0.750000 0.500000 0.312500 0.687500 0.125000 0.500000 0.812500 0.062500 0.812500 0.500000 0.062500 0.750000 0.250000 0.062500 
0.000000 0.750000 0.687500 0.375000 0.375000 0.687500 0.062500 0.500000 0.375000 0.187500 0.687500 0.750000 0.750000 0.000000 0.625000 0.125000 0.125000 0.000000 0.562500 0.062500 0.062500 0.312500 0.500000 0.562500 0.187500 0.812500 0.562500 0.312500 
0.750000 0.375000 0.750000 0.000000 0.750000 0.187500 0.187500 0.125000 0.062500 0.312500 0.625000 0.375000 0.625000 0.812500 0.437500 0.187500 0.625000 0.812500 0.312500 0.687500 0.625000 0.437500 0.375000 0.375000 0.250000 0.000000 0.437500 0.750000 
0.375000 0.625000 0.062500 0.125000 0.000000 0.187500 0.687500 0.437500 0.500000 0.437500 0.000000 0.875000 0.062500 0.750000 0.312500 0.375000 0.750000 0.562500 0.812500 0.187500 0.437500 0.500000 0.250000 0.875000 0.625000 0.187500 0.562500 0.062500 
0.500000 0.125000 0.812500 0.812500 0.250000 0.875000 0.312500 0.625000 0.875000 0.062500 0.437500 0.750000 0.125000 0.187500 0.187500 0.375000 0.312500 0.000000 0.625000 0.437500 0.625000 0.562500 0.000000 0.625000 0.125000 0.062500 0.500000 0.125000 
0.562500 0.125000 0.000000 0.312500 0.375000 0.000000 0.062500 0.750000 0.812500 0.875000 0.250000 0.812500 0.437500 0.250000 0.812500 0.625000 0.062500 0.500000 0.625000 0.375000 0.000000 0.125000 0.000000 0.312500 0.687500 0.187500 0.187500 0.000000 
0.812500 0.562500 0.812500 0.125000 0.125000 0.187500 0.750000 0.062500 0.875000 0.062500 0.687500 0.625000 0.312500 0.437500 0.562500 0.500000 0.625000 0.375000 0.437500 0.625000 0.875000 0.375000 0.562500 0.312500 0.562500 0.312500 0.375000 0.750000 
0.187500 0.875000 0.187500 0.812500 0.062500 0.125000 0.562500 0.687500 0.750000 0.125000 0.750000 0.437500 0.375000 0.750000 0.625000 0.437500 0.875000 0.625000 0.000000 0.750000 0.000000 0.187500 0.812500 0.437500 0.000000 0.750000 0.187500 0.562500 
0.125000 0.375000 0.562500 0.000000 0.000000 0.875000 0.812500 0.000000 0.687500 0.500000 0.562500 0.250000 0.750000 0.000000 0.250000 0.062500 0.500000 0.562500 0.187500 0.875000 0.312500 0.562500 0.250000 0.687500 0.750000 0.687500 0.750000 0.687500 
0.625000 0.562500 0.437500 0.187500 0.062500 0.500000 0.500000 0.750000 0.312500 0.750000 0.312500 0.187500 0.250000 0.437500 0.125000 0.500000 0.375000 0.062500 0.500000 0.562500 0.312500 0.500000 0.687500 0.687500 0.187500 0.562500 0.062500 0.750000 
0.500000 0.750000 0.687500 0.687500 0.625000 0.687500 0.000000 0.312500 0.437500 0.562500 0.312500 0.187500 0.625000 0.187500 0.562500 0.687500 0.625000 0.500000 0.625000 0.750000 0.000000 0.250000 0.437500 0.625000 0.625000 0.187500 0.750000 0.875000 
0.437500 0.000000 0.250000 0.562500 0.187500 0.875000 0.375000 0.875000 0.625000 0.812500 0.875000 0.875000 0.375000 0.187500 0.062500 0.312500 0.500000 0.375000 0.687500 0.375000 0.250000 0.687500 0.687500 0.250000 0.375000 0.250000 0.562500 0.875000 
0.750000 0.312500 0.250000 0.625000 0.625000 0.312500 0.375000 0.625000 0.875000 0.500000 0.000000 0.500000 0.187500 0.187500 0.812500 0.812500 0.812500 0.062500 0.437500 0.125000 0.437500 0.500000 0.750000 0.437500 0.750000 0.437500 0.250000 0.125000 
0.000000 0.125000 0.562500 0.750000 0.062500 0.625000 0.312500 0.312500 0.562500 0.125000 0.437500 0.750000 0.750000 0.187500 0.750000 0.687500 0.687500 0.687500 0.125000 0.125000 0.187500 0.875000 0.562500 0.312500 0.500000 0.625000 0.562500 0.625000 
0.375000 0.062500 0.500000 0.375000 0.500000 0.187500 0.000000 0.250000 0.500000 0.312500 0.250000 0.375000 0.562500 0.375000 0.187500 0.000000 0.125000 0.000000 0.875000 0.250000 0.125000 0.062500 0.062500 0.750000 0.062500 0.000000 0.812500 0.312500 
0.125000 0.875000 0.125000 0.812500 0.437500 0.500000 0.062500 0.812500 0.625000 0.625000 0.375000 0.375000 0.625000 0.437500 0.000000 0.750000 0.312500 0.875000 0.625000 0.750000 0.312500 0.312500 0.062500 0.000000 0.187500 0.312500 0.250000 0.000000 
0.250000 0.750000 0.687500 0.312500 0.125000 0.062500 0.312500 0.562500 0.062500 0.500000 0.312500 0.625000 0.625000 0.437500 0.812500 0.750000 0.687500 0.062500 0.812500 0.750000 0.875000 0.000000 0.687500 0.000000 0.062500 0.562500 0.812500 0.125000 
C1 4 Weights, size=[4x5x5]:
0.086667 0.000000 0.046667 0.006667 0.020000 
0.053333 0.060000 0.066667 0.000000 0.066667 
0.040000 0.020000 0.033333 0.026667 0.053333 
0.093333 0.093333 0.006667 0.093333 0.040000 
0.086667 0.086667 0.000000 0.026667 0.093333 

0.093333 0.013333 0.086667 0.080000 0.053333 
0.020000 0.060000 0.086667 0.040000 0.066667 
0.020000 0.040000 0.053333 0.093333 0.060000 
0.053333 0.053333 0.013333 0.073333 0.066667 
0.000000 0.006667 0.033333 0.026667 0.066667 

0.080000 0.073333 0.020000 0.080000 0.080000 
0.080000 0.040000 0.040000 0.066667 0.040000 
0.020000 0.066667 0.026667 0.080000 0.046667 
0.046667 0.060000 0.046667 0.060000 0.033333 
0.040000 0.093333 0.086667 0.073333 0.053333 

0.040000 0.026667 0.013333 0.000000 0.093333 
0.033333 0.006667 0.033333 0.020000 0.026667 
0.000000 0.073333 0.046667 0.026667 0.060000 
0.053333 0.066667 0.080000 0.053333 0.040000 
0.020000 0.006667 0.020000 0.013333 0.013333 

LAYER1: 4 Features, size=[4x24x24]:
0.643078 0.619026 0.639052 0.630260 0.580035 0.628122 0.627732 0.618535 0.602286 0.663274 0.647085 0.625978 0.631037 0.656729 0.606172 0.632200 0.591862 0.592667 0.623536 0.611728 0.599488 0.623340 0.620499 0.656729 
0.630066 0.632200 0.634329 0.615877 0.606968 0.617649 0.609946 0.619223 0.608954 0.648226 0.641930 0.643270 0.638379 0.628122 0.603284 0.606868 0.611728 0.591761 0.600988 0.623340 0.607464 0.614595 0.636067 0.637127 
0.630551 0.623829 0.626758 0.636645 0.619812 0.610243 0.625099 0.588435 0.602685 0.626661 0.606470 0.617649 0.614792 0.638379 0.591761 0.589746 0.613212 0.597586 0.574443 0.616074 0.623047 0.606868 0.622949 0.610342 
0.610639 0.629580 0.619714 0.630163 0.617256 0.634522 0.624904 0.585809 0.619419 0.624025 0.641163 0.610342 0.643174 0.630357 0.620106 0.608557 0.594878 0.610738 0.599988 0.586213 0.628413 0.625588 0.622655 0.622166 
0.628413 0.645370 0.627148 0.618633 0.626855 0.615975 0.626465 0.629289 0.620303 0.638763 0.638186 0.622851 0.649650 0.648511 0.642313 0.649081 0.620989 0.601687 0.625002 0.608557 0.628608 0.637031 0.646990 0.642600 
0.628997 0.637031 0.631328 0.610837 0.633555 0.627635 0.626661 0.633652 0.648891 0.643270 0.635777 0.614989 0.646799 0.644989 0.621872 0.632006 0.673982 0.606769 0.593873 0.626855 0.637897 0.614496 0.640684 0.658699 
0.653434 0.634812 0.636645 0.608557 0.632394 0.630357 0.625197 0.620205 0.671689 0.629094 0.636742 0.645847 0.655130 0.668465 0.636934 0.632781 0.656071 0.652300 0.608557 0.621872 0.658230 0.622557 0.618830 0.644989 
0.655318 0.649365 0.636453 0.619714 0.637801 0.608855 0.634426 0.646704 0.649839 0.649650 0.648416 0.659728 0.655130 0.667726 0.651449 0.652489 0.678270 0.638379 0.648796 0.646419 0.628997 0.643270 0.644607 0.602685 
0.647561 0.659822 0.622166 0.611233 0.632684 0.608954 0.618731 0.670677 0.650503 0.652489 0.644989 0.670309 0.629872 0.635488 0.638379 0.627148 0.638282 0.633555 0.616764 0.642887 0.615285 0.615877 0.661223 0.607961 
0.648891 0.644989 0.625002 0.606371 0.621186 0.605376 0.605376 0.630843 0.636742 0.653811 0.642409 0.661036 0.637994 0.640204 0.614792 0.622851 0.641067 0.639532 0.629192 0.632588 0.626563 0.615778 0.620597 0.622459 
0.635488 0.634329 0.611827 0.597887 0.604380 0.598888 0.619812 0.636838 0.627343 0.633942 0.657010 0.637897 0.652489 0.647751 0.630649 0.620891 0.654565 0.644225 0.645370 0.646609 0.636356 0.629872 0.616271 0.625978 
0.628413 0.629872 0.618633 0.617354 0.614002 0.614595 0.620499 0.646514 0.646419 0.599388 0.663553 0.623829 0.625685 0.611728 0.625978 0.623829 0.614002 0.637320 0.616665 0.618240 0.640492 0.604978 0.622361 0.635391 
0.620106 0.595982 0.625392 0.618731 0.624318 0.627148 0.598588 0.656071 0.650124 0.618043 0.645942 0.643174 0.619714 0.610342 0.633555 0.621284 0.607763 0.618043 0.625197 0.607961 0.619517 0.584191 0.592667 0.614792 
0.623340 0.596182 0.610441 0.578512 0.626173 0.612816 0.626758 0.654659 0.637320 0.627537 0.637031 0.652111 0.626270 0.627245 0.652489 0.635198 0.645180 0.635295 0.621578 0.627732 0.619616 0.605973 0.603683 0.615088 
0.614101 0.625002 0.610738 0.623634 0.610639 0.626661 0.646895 0.669019 0.628803 0.635295 0.637223 0.645847 0.621186 0.643652 0.630746 0.639340 0.644702 0.616468 0.632878 0.638667 0.596483 0.627830 0.613508 0.604580 
0.612322 0.605874 0.622949 0.607365 0.616271 0.652584 0.644416 0.661596 0.659260 0.624318 0.642983 0.635005 0.624806 0.641163 0.617649 0.627830 0.648321 0.602985 0.620695 0.634329 0.608656 0.615187 0.630163 0.625295 
0.603084 0.612816 0.614891 0.586516 0.617157 0.644225 0.648796 0.637223 0.643556 0.652962 0.611728 0.625197 0.626661 0.610144 0.621186 0.637897 0.628219 0.614792 0.647561 0.641355 0.619223 0.633168 0.633265 0.650124 
0.632006 0.640684 0.632975 0.604480 0.632878 0.622068 0.659822 0.607067 0.650787 0.619419 0.618240 0.616172 0.639820 0.620891 0.628705 0.663367 0.618830 0.620303 0.645084 0.640684 0.627148 0.634426 0.651449 0.650976 
0.607862 0.651922 0.623438 0.628803 0.648511 0.648606 0.649555 0.644607 0.655130 0.627343 0.624318 0.622851 0.622655 0.606669 0.626465 0.650692 0.628900 0.640876 0.634812 0.638859 0.614002 0.637994 0.643556 0.673524 
0.626368 0.609747 0.626270 0.633072 0.645084 0.661410 0.648986 0.657104 0.660570 0.620989 0.628024 0.618535 0.620401 0.591962 0.630746 0.640204 0.615187 0.629969 0.636742 0.640012 0.628608 0.659541 0.631909 0.651355 
0.624318 0.637223 0.630454 0.645084 0.632200 0.645656 0.623340 0.660196 0.648701 0.603084 0.622557 0.647561 0.629580 0.641355 0.645752 0.651071 0.622068 0.628219 0.624904 0.617256 0.631134 0.658792 0.650029 0.649365 
0.603982 0.617059 0.628122 0.638282 0.629969 0.637994 0.602885 0.646038 0.645656 0.626563 0.624025 0.637609 0.633362 0.606769 0.646037 0.616566 0.611233 0.618535 0.624318 0.614792 0.613212 0.618535 0.645275 0.630746 
0.614693 0.615285 0.607564 0.645370 0.627148 0.626368 0.612520 0.656823 0.647656 0.628413 0.616862 0.638282 0.628511 0.610936 0.625295 0.626563 0.609450 0.619517 0.625783 0.599688 0.612322 0.598988 0.613212 0.608060 
0.623927 0.631909 0.614595 0.620499 0.616665 0.603782 0.622361 0.637031 0.640396 0.629872 0.630551 0.642696 0.651071 0.615877 0.668834 0.659167 0.648131 0.611431 0.634522 0.614792 0.599588 0.605774 0.619419 0.585101 

0.647085 0.633749 0.644034 0.644321 0.600388 0.632491 0.627343 0.624220 0.633555 0.661690 0.664668 0.645656 0.627245 0.629775 0.603284 0.632975 0.613706 0.618436 0.633652 0.617354 0.630843 0.640492 0.635488 0.651922 
0.640780 0.640396 0.642983 0.616764 0.616468 0.610342 0.618830 0.647085 0.629580 0.668003 0.670493 0.652773 0.636067 0.623145 0.608259 0.610540 0.604081 0.610936 0.613607 0.621186 0.623242 0.619026 0.628803 0.651544 
0.655130 0.646514 0.649081 0.637994 0.617453 0.600088 0.617354 0.594175 0.611332 0.651544 0.628997 0.643174 0.628316 0.637705 0.601987 0.600088 0.623242 0.597085 0.595781 0.614693 0.617354 0.622068 0.627148 0.630066 
0.631425 0.624611 0.622263 0.625197 0.605277 0.619321 0.620891 0.599988 0.616862 0.606868 0.641738 0.633362 0.645752 0.634715 0.608259 0.597185 0.592868 0.596784 0.599888 0.602486 0.627245 0.635198 0.630649 0.620695 
0.621186 0.630551 0.629289 0.630454 0.634329 0.627050 0.639820 0.636742 0.615680 0.631715 0.644225 0.631522 0.646704 0.642887 0.641259 0.623242 0.602785 0.606769 0.609747 0.621676 0.646609 0.655695 0.652489 0.640876 
0.628219 0.642409 0.628219 0.622166 0.628219 0.630940 0.646609 0.641259 0.623438 0.643556 0.624806 0.629872 0.651544 0.647751 0.631812 0.621872 0.635005 0.599388 0.620205 0.624709 0.642026 0.642791 0.660102 0.648131 
0.648796 0.634715 0.640972 0.622166 0.638282 0.642409 0.635102 0.641451 0.668557 0.641355 0.646323 0.633942 0.649460 0.669388 0.652206 0.636163 0.646609 0.644512 0.603084 0.618240 0.648226 0.633846 0.643461 0.654188 
0.655883 0.640876 0.634812 0.609251 0.632587 0.629386 0.648606 0.646704 0.659541 0.657386 0.663646 0.651828 0.672699 0.683971 0.665874 0.656541 0.662808 0.636356 0.646704 0.625002 0.629677 0.660850 0.643652 0.633072 
0.657104 0.649745 0.616665 0.626465 0.634039 0.629386 0.641930 0.666986 0.669019 0.662249 0.651449 0.656071 0.640492 0.660102 0.657855 0.662994 0.669111 0.648226 0.637994 0.655130 0.631425 0.629289 0.664111 0.626465 
0.647085 0.633555 0.619223 0.608954 0.622851 0.631134 0.629483 0.650124 0.661317 0.668926 0.657574 0.664668 0.627050 0.643461 0.642217 0.630746 0.642887 0.652111 0.633362 0.634812 0.627829 0.625392 0.629483 0.626270 
0.645656 0.635874 0.627148 0.610738 0.630163 0.612718 0.625588 0.637609 0.645752 0.672882 0.658324 0.642791 0.642026 0.643843 0.636453 0.635488 0.655318 0.646419 0.654942 0.657104 0.636742 0.636260 0.621676 0.617551 
0.639724 0.634329 0.603483 0.618436 0.615285 0.614101 0.622166 0.647656 0.661130 0.645466 0.666338 0.634136 0.640300 0.628219 0.639820 0.625685 0.634522 0.646609 0.618928 0.632975 0.640300 0.612322 0.626270 0.628997 
0.616369 0.614002 0.626855 0.622068 0.627343 0.638859 0.606769 0.647751 0.651355 0.629192 0.650787 0.635584 0.630454 0.605277 0.628997 0.635681 0.618633 0.611926 0.616665 0.619517 0.632975 0.609648 0.619223 0.619517 
0.625197 0.592063 0.615482 0.595179 0.647370 0.622263 0.623829 0.649460 0.637994 0.637512 0.642791 0.643078 0.632200 0.634232 0.655130 0.644034 0.649365 0.651544 0.624513 0.622459 0.627245 0.603583 0.602386 0.605874 
0.599488 0.612816 0.599088 0.617748 0.645370 0.646228 0.659073 0.654188 0.640684 0.640684 0.629969 0.652017 0.628219 0.640588 0.641451 0.642696 0.641738 0.627148 0.627537 0.624123 0.622949 0.632103 0.606769 0.614298 
0.622166 0.603483 0.626953 0.639244 0.636645 0.659635 0.652678 0.670585 0.660476 0.625588 0.641259 0.630940 0.631909 0.645561 0.619714 0.638571 0.646323 0.624611 0.624416 0.625685 0.609946 0.624123 0.619321 0.619419 
0.604181 0.596584 0.602386 0.601188 0.644034 0.661596 0.652678 0.655695 0.651071 0.654094 0.629094 0.646514 0.646038 0.636067 0.637705 0.645370 0.637031 0.618141 0.630940 0.633749 0.622753 0.632587 0.624904 0.636453 
0.622949 0.615482 0.630260 0.615187 0.631812 0.641163 0.666708 0.623927 0.650882 0.628997 0.627440 0.628900 0.641930 0.638186 0.636645 0.657386 0.636934 0.632491 0.645370 0.644034 0.652678 0.649650 0.649839 0.655130 
0.615581 0.646037 0.613212 0.645847 0.659728 0.652395 0.656259 0.644702 0.651449 0.617059 0.622166 0.620401 0.631715 0.635102 0.641834 0.653150 0.633942 0.633749 0.628024 0.656541 0.634426 0.630940 0.653622 0.671229 
0.619812 0.624904 0.640300 0.636356 0.644893 0.669295 0.664854 0.645180 0.643747 0.623438 0.618338 0.613508 0.634909 0.609747 0.632491 0.631425 0.631425 0.640972 0.640684 0.650882 0.648131 0.664389 0.642696 0.667633 
0.641738 0.641067 0.632103 0.649460 0.651449 0.655601 0.650124 0.665967 0.649555 0.618141 0.619517 0.626758 0.635102 0.642600 0.634812 0.644893 0.621186 0.628024 0.643939 0.647465 0.646419 0.648796 0.643747 0.652489 
0.631909 0.649365 0.639724 0.638475 0.640972 0.660102 0.635777 0.649650 0.650598 0.629969 0.627635 0.636453 0.650313 0.636453 0.655789 0.638379 0.628024 0.623731 0.622655 0.639724 0.638090 0.645084 0.644130 0.643365 
0.622459 0.622557 0.621872 0.641355 0.639916 0.660476 0.638186 0.665411 0.656917 0.641067 0.624611 0.634715 0.631619 0.639148 0.642983 0.627635 0.605874 0.608160 0.631328 0.625978 0.626661 0.617453 0.637031 0.632587 
0.636356 0.634136 0.606570 0.621676 0.636549 0.632006 0.625685 0.634232 0.643939 0.637512 0.628316 0.644034 0.653717 0.632491 0.653339 0.646990 0.637512 0.606669 0.619517 0.606073 0.621087 0.614397 0.628316 0.613903 

0.653434 0.658418 0.651922 0.646323 0.642791 0.646133 0.639148 0.635102 0.649270 0.670861 0.682709 0.670677 0.672699 0.655130 0.627732 0.633555 0.639340 0.631812 0.633265 0.639532 0.649745 0.660850 0.655977 0.660476 
0.671689 0.654565 0.644702 0.643365 0.632103 0.628608 0.650598 0.645656 0.647465 0.676449 0.660943 0.658136 0.657010 0.658418 0.624025 0.615384 0.629677 0.614397 0.614693 0.647085 0.637705 0.652206 0.647656 0.663553 
0.657667 0.659635 0.674256 0.669019 0.632103 0.646609 0.635488 0.615778 0.631522 0.655130 0.647656 0.639244 0.642887 0.639340 0.615187 0.624416 0.635970 0.602685 0.625588 0.625002 0.621382 0.646133 0.639916 0.651639 
0.652489 0.644034 0.649934 0.644512 0.614792 0.621676 0.636356 0.624904 0.621480 0.643843 0.665781 0.653905 0.665225 0.666430 0.652300 0.624611 0.597486 0.610045 0.605476 0.624220 0.630357 0.644512 0.649365 0.655977 
0.652395 0.649934 0.653339 0.657386 0.632491 0.642983 0.667078 0.655412 0.642791 0.669388 0.658699 0.640108 0.662808 0.679088 0.669019 0.653245 0.655977 0.619517 0.630163 0.649365 0.644893 0.670493 0.679723 0.674531 
0.656823 0.655130 0.633749 0.636356 0.631134 0.653434 0.654848 0.658605 0.666430 0.654282 0.646704 0.649839 0.664296 0.671137 0.648891 0.654753 0.647656 0.632006 0.621774 0.633555 0.654188 0.654942 0.672423 0.664204 
0.672148 0.661130 0.659167 0.648701 0.658886 0.656353 0.651449 0.658980 0.661317 0.660289 0.675079 0.650503 0.670033 0.673707 0.667356 0.665039 0.685770 0.667911 0.648416 0.654000 0.655883 0.664668 0.644893 0.653811 
0.682799 0.674348 0.644607 0.624709 0.639532 0.655789 0.666893 0.659260 0.679451 0.684961 0.694413 0.684151 0.690509 0.694502 0.674988 0.679269 0.676449 0.665781 0.658136 0.656071 0.662622 0.662436 0.657386 0.655412 
0.680086 0.675354 0.645180 0.638090 0.641738 0.654094 0.649839 0.670125 0.688904 0.682529 0.683881 0.675810 0.656353 0.671781 0.659635 0.658136 0.674348 0.660383 0.640780 0.657480 0.654282 0.649270 0.671045 0.659167 
0.664947 0.662063 0.641547 0.618043 0.637897 0.631619 0.628219 0.653056 0.675719 0.687384 0.679723 0.678543 0.666245 0.672332 0.645847 0.643748 0.684151 0.665689 0.644702 0.666338 0.653717 0.637320 0.644130 0.634232 
0.662156 0.647085 0.628024 0.622949 0.644225 0.631037 0.629192 0.657292 0.669295 0.667633 0.671505 0.674348 0.663925 0.660196 0.662808 0.665132 0.674531 0.683431 0.658699 0.669941 0.666801 0.648986 0.658886 0.627050 
0.647180 0.663367 0.637416 0.639436 0.649650 0.637994 0.643270 0.676722 0.667078 0.658980 0.671689 0.662436 0.642600 0.636934 0.646514 0.637127 0.656071 0.648036 0.648891 0.658511 0.639244 0.628997 0.648606 0.627635 
0.628900 0.633072 0.632491 0.617649 0.643556 0.645847 0.648036 0.677360 0.671505 0.646514 0.678179 0.656165 0.639628 0.641547 0.647465 0.637512 0.629094 0.644989 0.626465 0.620793 0.631619 0.622655 0.637609 0.631037 
0.641355 0.630746 0.613903 0.606371 0.638859 0.638090 0.649839 0.666152 0.660663 0.659728 0.662342 0.656259 0.653717 0.671781 0.659448 0.664296 0.674348 0.674165 0.658792 0.645466 0.648986 0.619026 0.621872 0.643270 
0.641163 0.614989 0.625197 0.628803 0.643843 0.676449 0.668280 0.680177 0.677451 0.640012 0.665967 0.667356 0.658043 0.670217 0.664575 0.666893 0.654754 0.644607 0.643843 0.634715 0.652111 0.638186 0.625880 0.639724 
0.631134 0.627829 0.633942 0.638379 0.667726 0.676814 0.654188 0.697851 0.676358 0.646990 0.653717 0.653528 0.635005 0.634522 0.646895 0.663367 0.652584 0.648986 0.644989 0.646799 0.637801 0.636742 0.642887 0.653434 
0.637512 0.598287 0.612619 0.626270 0.653622 0.674622 0.673707 0.678452 0.678997 0.649175 0.653811 0.658605 0.641834 0.647656 0.655601 0.651166 0.648701 0.635005 0.651071 0.649934 0.648986 0.653528 0.646419 0.644416 
0.652300 0.658136 0.652300 0.637994 0.641355 0.659260 0.656353 0.667633 0.658699 0.638859 0.647941 0.648416 0.649934 0.669203 0.660196 0.672882 0.680901 0.648321 0.654000 0.665039 0.657667 0.661130 0.676266 0.676175 
0.630163 0.640492 0.659167 0.659167 0.663925 0.679905 0.692553 0.681082 0.678361 0.666523 0.650692 0.626270 0.647465 0.643843 0.645180 0.665318 0.665967 0.640971 0.656541 0.668372 0.642409 0.664575 0.666615 0.664947 
0.633749 0.652678 0.666893 0.639436 0.663274 0.692110 0.682167 0.671505 0.664575 0.646419 0.621480 0.632103 0.643461 0.648226 0.646514 0.662249 0.650787 0.632975 0.660009 0.667633 0.675536 0.679995 0.674165 0.685051 
0.645656 0.660289 0.665596 0.650598 0.667448 0.671321 0.668926 0.666523 0.663832 0.653056 0.638379 0.645370 0.663460 0.659260 0.669572 0.675810 0.636549 0.628705 0.659167 0.666523 0.661596 0.671873 0.662622 0.674348 
0.651260 0.654942 0.653905 0.644989 0.649745 0.659167 0.640588 0.660196 0.666060 0.645466 0.646895 0.662529 0.651922 0.640492 0.651166 0.659448 0.631328 0.629775 0.642791 0.639340 0.637223 0.651828 0.655695 0.664575 
0.645561 0.642313 0.654188 0.649839 0.666430 0.668649 0.668465 0.687921 0.680448 0.656353 0.642983 0.660663 0.642313 0.641067 0.657667 0.661783 0.647846 0.643939 0.656165 0.620499 0.627245 0.632297 0.633459 0.637127 
0.655412 0.640780 0.628122 0.636742 0.635874 0.643939 0.631909 0.651922 0.665039 0.642026 0.654188 0.679995 0.675171 0.657480 0.676449 0.677087 0.653717 0.658136 0.651639 0.631522 0.624025 0.629775 0.634329 0.627537 

0.601787 0.619223 0.595681 0.590855 0.576784 0.580644 0.557042 0.578816 0.586921 0.601188 0.610342 0.606669 0.600588 0.585506 0.579527 0.595881 0.576275 0.580948 0.573627 0.572914 0.586213 0.578715 0.578105 0.587123 
0.605077 0.588738 0.586719 0.585202 0.584494 0.579629 0.593069 0.584595 0.587830 0.615285 0.598688 0.605277 0.604480 0.609946 0.571384 0.574341 0.577495 0.572302 0.567400 0.575766 0.590955 0.581557 0.597586 0.610243 
0.590955 0.594777 0.599388 0.579121 0.574646 0.596784 0.578105 0.572302 0.588940 0.596784 0.572710 0.588738 0.598187 0.595681 0.568627 0.585202 0.572914 0.556939 0.582672 0.564739 0.591459 0.597786 0.598087 0.600088 
0.573016 0.584494 0.596383 0.585708 0.587426 0.584191 0.592465 0.571996 0.580238 0.578004 0.598688 0.579020 0.580847 0.578207 0.585809 0.570567 0.561356 0.566172 0.574850 0.573322 0.588940 0.586112 0.595380 0.593169 
0.584697 0.591358 0.613508 0.595681 0.582672 0.578613 0.603982 0.581962 0.589646 0.609747 0.601388 0.585708 0.603084 0.609946 0.591258 0.592365 0.582266 0.559816 0.587325 0.588031 0.592767 0.596283 0.600788 0.616074 
0.610243 0.600388 0.591459 0.581962 0.584191 0.594576 0.592063 0.594576 0.611134 0.601587 0.587729 0.603284 0.609549 0.606570 0.606570 0.602885 0.599688 0.589948 0.584494 0.577699 0.605575 0.596684 0.603084 0.615384 
0.612322 0.592164 0.597586 0.575766 0.598087 0.585202 0.603383 0.613212 0.600688 0.608259 0.594275 0.595179 0.609351 0.618240 0.608557 0.601188 0.617551 0.581861 0.586618 0.583482 0.592767 0.606172 0.593672 0.606570 
0.622459 0.601288 0.593069 0.572812 0.596884 0.596985 0.596383 0.593471 0.605675 0.611926 0.617157 0.611926 0.624025 0.602885 0.607564 0.616468 0.614595 0.614397 0.599288 0.607365 0.607067 0.592968 0.596483 0.594476 
0.613311 0.603982 0.585607 0.586011 0.590351 0.601687 0.595179 0.614002 0.606272 0.616172 0.615187 0.624318 0.609053 0.609152 0.603882 0.612223 0.613706 0.602286 0.610738 0.604978 0.601288 0.591761 0.601288 0.587729 
0.600088 0.602386 0.587426 0.577089 0.593169 0.587022 0.587022 0.605874 0.604480 0.624709 0.616271 0.603483 0.600788 0.599488 0.571078 0.576377 0.605276 0.575868 0.583279 0.598788 0.586516 0.597987 0.592968 0.582266 
0.618043 0.595480 0.584292 0.578004 0.580644 0.563612 0.573627 0.593370 0.609946 0.605874 0.612520 0.602885 0.600188 0.599788 0.594677 0.595078 0.605077 0.614200 0.595380 0.598287 0.593069 0.597786 0.576580 0.578004 
0.585202 0.577292 0.562074 0.589847 0.575257 0.577394 0.590049 0.597586 0.608358 0.596985 0.607564 0.603782 0.599088 0.596383 0.591056 0.604679 0.614693 0.581252 0.604081 0.595279 0.583482 0.596483 0.589444 0.583684 
0.589847 0.590149 0.586516 0.585101 0.595781 0.596182 0.591660 0.611035 0.594375 0.583178 0.605376 0.579629 0.583786 0.570159 0.596684 0.578918 0.582469 0.595580 0.586112 0.594777 0.578816 0.584292 0.587325 0.569342 
0.582874 0.578004 0.569853 0.566581 0.590553 0.582874 0.611530 0.613311 0.597586 0.609846 0.593471 0.592566 0.594677 0.600688 0.596283 0.594878 0.600888 0.599388 0.578816 0.581455 0.571078 0.559406 0.582570 0.573424 
0.579933 0.569853 0.574952 0.577292 0.584899 0.599488 0.603782 0.621774 0.602785 0.594878 0.602087 0.601088 0.595279 0.608160 0.607266 0.586516 0.604081 0.598988 0.586415 0.595279 0.591660 0.573627 0.586011 0.580339 
0.581455 0.593069 0.574443 0.581354 0.605376 0.596383 0.609450 0.624318 0.594777 0.598588 0.601787 0.599588 0.602087 0.592868 0.606669 0.605575 0.596684 0.589343 0.579426 0.598588 0.576377 0.582874 0.584798 0.585202 
0.581252 0.555705 0.576478 0.582063 0.604679 0.605077 0.610045 0.610936 0.606669 0.600088 0.603084 0.592667 0.587426 0.590855 0.592868 0.603483 0.582165 0.584595 0.594677 0.588132 0.593471 0.599988 0.591560 0.599988 
0.580441 0.590855 0.583786 0.571282 0.612223 0.596584 0.606868 0.603383 0.598788 0.581455 0.586314 0.582773 0.584292 0.586820 0.584494 0.606769 0.600588 0.591056 0.600488 0.605376 0.606968 0.601687 0.608259 0.617256 
0.587123 0.599488 0.598387 0.604480 0.594777 0.596684 0.610837 0.594576 0.601288 0.589746 0.586011 0.580136 0.603483 0.589948 0.594074 0.613212 0.588334 0.597386 0.598788 0.597786 0.577394 0.614891 0.598688 0.610045 
0.581658 0.606868 0.597686 0.590351 0.608458 0.618141 0.615187 0.612915 0.622949 0.591962 0.585202 0.580339 0.581354 0.583988 0.588334 0.609251 0.591761 0.595580 0.595380 0.602286 0.606968 0.605077 0.608557 0.613706 
0.580948 0.605476 0.597386 0.608855 0.601887 0.620695 0.613607 0.610342 0.601188 0.591358 0.575970 0.584798 0.598087 0.589746 0.614397 0.603683 0.581455 0.587931 0.597285 0.601188 0.601388 0.610243 0.597586 0.610837 
0.589242 0.600088 0.589444 0.601487 0.594576 0.604181 0.586112 0.600688 0.601587 0.583279 0.605874 0.604679 0.610441 0.605376 0.617748 0.602885 0.571792 0.578308 0.589545 0.598788 0.602286 0.598087 0.605476 0.611728 
0.572914 0.601787 0.582063 0.589141 0.592164 0.591358 0.593572 0.610045 0.594576 0.591560 0.594677 0.596684 0.587325 0.581861 0.586314 0.580238 0.580136 0.583887 0.586112 0.568831 0.585000 0.580847 0.589040 0.593069 
0.591358 0.593371 0.579527 0.597185 0.588031 0.585506 0.582165 0.606669 0.596483 0.586011 0.596985 0.600988 0.596784 0.575257 0.605177 0.600188 0.599788 0.601388 0.585506 0.573526 0.568218 0.563202 0.580542 0.559097 

LAYER2: 4 Features, size=[4x12x12]:
0.631093 0.629879 0.608193 0.618859 0.630685 0.639566 0.638566 0.612131 0.597004 0.614898 0.611222 0.637605 
0.623650 0.628320 0.620458 0.606062 0.618197 0.618906 0.631675 0.602543 0.604103 0.594180 0.620979 0.619528 
0.634953 0.621986 0.626005 0.629017 0.637807 0.627951 0.647487 0.636318 0.625857 0.613572 0.629508 0.647243 
0.648232 0.625342 0.627352 0.631633 0.650068 0.647683 0.661613 0.643414 0.656255 0.631411 0.638263 0.627778 
0.650315 0.616193 0.617050 0.631407 0.648386 0.654686 0.635889 0.625792 0.638109 0.630357 0.618376 0.628060 
0.632025 0.611425 0.607966 0.630916 0.626773 0.645572 0.634413 0.625337 0.637528 0.631721 0.627924 0.625000 
0.608903 0.608269 0.622614 0.634019 0.633256 0.644565 0.620893 0.635632 0.626570 0.620617 0.607324 0.606557 
0.614325 0.616171 0.626539 0.655481 0.636919 0.640265 0.632702 0.628891 0.628119 0.631642 0.612039 0.618386 
0.622148 0.609715 0.629082 0.638227 0.641681 0.617834 0.624379 0.637789 0.620536 0.643671 0.628491 0.646454 
0.623975 0.627896 0.650903 0.650063 0.641008 0.623432 0.610422 0.637027 0.628733 0.637606 0.635036 0.650086 
0.620645 0.635486 0.636455 0.633115 0.631001 0.632938 0.627766 0.639857 0.620014 0.620317 0.630418 0.643854 
0.621454 0.622007 0.618491 0.632184 0.636584 0.632098 0.626599 0.644965 0.622132 0.618696 0.604168 0.606448 

0.640502 0.637025 0.614922 0.629369 0.648207 0.658398 0.629058 0.613764 0.611790 0.621450 0.628401 0.641939 
0.639420 0.633634 0.610535 0.608102 0.621652 0.636818 0.636622 0.601880 0.602495 0.603212 0.625466 0.627139 
0.630591 0.627532 0.630134 0.641107 0.628597 0.632606 0.647222 0.629546 0.610987 0.619084 0.646780 0.650400 
0.645067 0.626800 0.635666 0.642966 0.656710 0.648935 0.668879 0.652696 0.647571 0.623258 0.643150 0.643593 
0.646872 0.617827 0.629352 0.647131 0.665378 0.657440 0.642776 0.648453 0.653084 0.640324 0.628484 0.636582 
0.638896 0.614951 0.618067 0.633254 0.656307 0.650397 0.638597 0.634361 0.645717 0.640987 0.631406 0.623624 
0.611908 0.614896 0.633959 0.631952 0.639013 0.643060 0.625541 0.640961 0.632867 0.620789 0.618363 0.611750 
0.609488 0.620758 0.646970 0.659131 0.641858 0.638546 0.636569 0.635608 0.634955 0.625440 0.622280 0.614952 
0.609799 0.612255 0.644652 0.649752 0.646261 0.632987 0.640555 0.644277 0.631149 0.638523 0.639417 0.641582 
0.626584 0.633929 0.656578 0.652749 0.633923 0.618603 0.627868 0.639725 0.635022 0.644033 0.644471 0.658795 
0.641020 0.639941 0.652031 0.650380 0.637066 0.627591 0.641117 0.643468 0.625241 0.638446 0.644597 0.645933 
0.628877 0.622868 0.642237 0.640878 0.644859 0.632919 0.639243 0.642737 0.614554 0.620724 0.619899 0.627959 

0.659526 0.646578 0.637409 0.642626 0.661012 0.668116 0.660814 0.625174 0.628807 0.633644 0.650126 0.656915 
0.653456 0.659430 0.628795 0.628132 0.637994 0.651646 0.653471 0.629128 0.611547 0.620071 0.635596 0.649224 
0.653570 0.645208 0.640010 0.658986 0.658223 0.648838 0.669332 0.656477 0.638789 0.633714 0.656129 0.672720 
0.672606 0.644296 0.652640 0.659146 0.671504 0.676037 0.682188 0.671663 0.673978 0.654156 0.661402 0.652876 
0.670612 0.635715 0.641337 0.650310 0.683634 0.679489 0.666678 0.651841 0.671143 0.652325 0.648647 0.652143 
0.654947 0.631956 0.640726 0.651619 0.665747 0.669994 0.650914 0.652895 0.665517 0.659010 0.646007 0.640544 
0.633518 0.617604 0.641588 0.660347 0.659603 0.663236 0.651668 0.652180 0.655649 0.637879 0.630571 0.633447 
0.628779 0.631580 0.666208 0.675124 0.660203 0.660142 0.649447 0.660432 0.650232 0.642587 0.641210 0.640481 
0.636559 0.632296 0.657215 0.669036 0.656433 0.652193 0.652157 0.659961 0.653232 0.655011 0.655328 0.660819 
0.639271 0.656166 0.674803 0.681827 0.663969 0.632636 0.645749 0.654815 0.647675 0.663139 0.665629 0.672695 
0.653037 0.653772 0.661920 0.659058 0.657103 0.648293 0.653784 0.663999 0.631589 0.651955 0.655630 0.664310 
0.646016 0.642223 0.653723 0.660054 0.660967 0.659457 0.654008 0.668247 0.650909 0.639956 0.628335 0.633113 

0.603706 0.589614 0.580388 0.578381 0.597806 0.605244 0.600130 0.580283 0.576755 0.572427 0.584360 0.593264 
0.585811 0.590150 0.585762 0.578717 0.585991 0.584789 0.588230 0.577551 0.564345 0.573895 0.591074 0.596681 
0.596672 0.595653 0.585013 0.593146 0.603029 0.594527 0.607287 0.598269 0.582930 0.584387 0.597827 0.608832 
0.607058 0.584808 0.594290 0.601612 0.606637 0.604634 0.613625 0.608444 0.607101 0.594188 0.599744 0.597800 
0.604942 0.584033 0.593057 0.600519 0.612908 0.614815 0.604620 0.590890 0.599284 0.599446 0.594388 0.591063 
0.594004 0.578554 0.574227 0.588658 0.605291 0.606688 0.598862 0.596373 0.603806 0.598257 0.592705 0.581928 
0.585219 0.577013 0.591348 0.606884 0.596246 0.592761 0.587327 0.591691 0.594581 0.585290 0.573398 0.578165 
0.581078 0.577010 0.596537 0.614831 0.597757 0.601137 0.599598 0.601507 0.597274 0.589927 0.581135 0.584088 
0.577063 0.578402 0.604641 0.607808 0.596750 0.591210 0.587348 0.596904 0.589601 0.597168 0.600529 0.604266 
0.593784 0.597726 0.604515 0.608379 0.601486 0.582922 0.589693 0.601218 0.593265 0.598560 0.601082 0.607749 
0.593939 0.599293 0.605335 0.602687 0.594353 0.592830 0.600913 0.609678 0.579872 0.596701 0.603001 0.606407 
0.589857 0.586979 0.589265 0.598113 0.592158 0.597333 0.585307 0.592979 0.591300 0.578494 0.574317 0.580437 

C2 3 Weights, size=[3x5x5]:
0.033333 0.026667 0.020000 0.073333 0.040000 
0.046667 0.073333 0.000000 0.006667 0.033333 
0.060000 0.040000 0.020000 0.000000 0.066667 
0.033333 0.053333 0.040000 0.006667 0.093333 
0.040000 0.086667 0.073333 0.073333 0.093333 

0.020000 0.086667 0.066667 0.080000 0.020000 
0.040000 0.026667 0.060000 0.060000 0.066667 
0.080000 0.006667 0.020000 0.080000 0.040000 
0.073333 0.060000 0.066667 0.000000 0.060000 
0.013333 0.013333 0.020000 0.006667 0.026667 

0.093333 0.000000 0.066667 0.000000 0.053333 
0.093333 0.020000 0.033333 0.033333 0.060000 
0.066667 0.073333 0.020000 0.060000 0.046667 
0.093333 0.093333 0.060000 0.053333 0.020000 
0.006667 0.073333 0.033333 0.073333 0.040000 

LAYER3: 12 Features, size=[12x8x8]:
0.671477 0.671557 0.672616 0.672231 0.672396 0.671273 0.671066 0.670373 
0.670663 0.670845 0.671813 0.671977 0.672498 0.671621 0.671274 0.671045 
0.670879 0.671460 0.671718 0.672685 0.673309 0.672264 0.671030 0.670872 
0.671117 0.672013 0.672310 0.673236 0.673285 0.672688 0.670852 0.670506 
0.670495 0.671248 0.671823 0.672237 0.671808 0.672039 0.670538 0.670931 
0.671041 0.671354 0.671893 0.672272 0.671234 0.671647 0.671026 0.671885 
0.671220 0.671336 0.672072 0.672538 0.671318 0.671128 0.670595 0.671415 
0.671225 0.671430 0.671970 0.673042 0.671175 0.670812 0.670525 0.670386 

0.665142 0.664671 0.665998 0.666303 0.666518 0.664466 0.664617 0.664028 
0.665614 0.665218 0.665897 0.666885 0.667083 0.665911 0.664853 0.664814 
0.665697 0.666133 0.666760 0.667620 0.668028 0.667692 0.666353 0.665333 
0.665161 0.666175 0.666926 0.668100 0.667492 0.667897 0.666101 0.665607 
0.664270 0.665721 0.666958 0.667415 0.666780 0.666619 0.665023 0.664970 
0.664819 0.665109 0.666381 0.666978 0.665881 0.666077 0.664965 0.665207 
0.665773 0.666381 0.666717 0.666913 0.666022 0.665235 0.665085 0.665424 
0.666286 0.666473 0.666700 0.666579 0.665949 0.665743 0.665260 0.666018 

0.688974 0.689388 0.690040 0.690297 0.690584 0.690001 0.689702 0.688887 
0.689274 0.688738 0.690559 0.690607 0.691618 0.690361 0.690293 0.689260 
0.689542 0.689003 0.690658 0.690909 0.692245 0.690947 0.690576 0.689321 
0.689530 0.689186 0.690930 0.690797 0.691961 0.691177 0.690208 0.688800 
0.688736 0.689268 0.690023 0.690966 0.690645 0.690456 0.689549 0.688562 
0.688766 0.689536 0.689815 0.690596 0.689767 0.689608 0.689340 0.689094 
0.689277 0.690071 0.690385 0.691201 0.689582 0.689199 0.688808 0.689397 
0.689476 0.690035 0.690225 0.690958 0.690130 0.689161 0.688964 0.689354 

0.673116 0.673484 0.674405 0.673890 0.673710 0.673063 0.672819 0.671911 
0.672343 0.672570 0.674032 0.674169 0.673782 0.673015 0.672953 0.672227 
0.672556 0.672490 0.673332 0.674528 0.674367 0.673109 0.672687 0.672423 
0.672971 0.673392 0.673914 0.675070 0.674902 0.673333 0.672345 0.671894 
0.672297 0.673305 0.673911 0.674482 0.674220 0.673360 0.672515 0.672165 
0.672087 0.673062 0.673633 0.673507 0.672855 0.672817 0.672944 0.672988 
0.672328 0.672966 0.674158 0.673644 0.672529 0.672635 0.672757 0.673010 
0.672648 0.673150 0.674397 0.674116 0.672114 0.672162 0.672188 0.671929 

0.666240 0.666222 0.667879 0.667963 0.667000 0.665171 0.665805 0.665588 
0.666638 0.666205 0.667562 0.668748 0.668165 0.666508 0.665993 0.666495 
0.667599 0.667372 0.668503 0.669225 0.669707 0.668257 0.667113 0.666825 
0.667118 0.668148 0.668754 0.669583 0.669644 0.669189 0.667558 0.666715 
0.666076 0.667893 0.669230 0.668984 0.668746 0.668108 0.667093 0.666430 
0.665775 0.666885 0.668399 0.668637 0.667657 0.667329 0.666679 0.666391 
0.666866 0.667543 0.668287 0.667912 0.667132 0.666507 0.666664 0.666633 
0.668036 0.668126 0.668730 0.668146 0.667113 0.666924 0.667027 0.667267 

0.690621 0.691369 0.691616 0.692085 0.691745 0.691597 0.691055 0.689785 
0.690447 0.690955 0.692186 0.693000 0.692673 0.691838 0.692014 0.690929 
0.690674 0.690986 0.692306 0.693361 0.693812 0.692133 0.692147 0.691264 
0.691186 0.691198 0.692611 0.692866 0.693957 0.692453 0.691694 0.690733 
0.690557 0.691407 0.692428 0.692820 0.693036 0.692081 0.691081 0.690474 
0.690076 0.690921 0.692091 0.692008 0.691837 0.691350 0.690965 0.690695 
0.690625 0.691502 0.692478 0.692347 0.690815 0.690679 0.690895 0.690905 
0.691181 0.691870 0.692734 0.692683 0.691074 0.690366 0.691049 0.690789 

0.677423 0.677583 0.678581 0.678480 0.678372 0.677478 0.677215 0.676369 
0.676898 0.676902 0.678007 0.678374 0.678588 0.677446 0.677280 0.676666 
0.676882 0.677061 0.677817 0.678823 0.679518 0.677912 0.676925 0.676733 
0.677044 0.677773 0.678317 0.679273 0.679654 0.678183 0.676710 0.676489 
0.676193 0.677418 0.678094 0.678641 0.678466 0.677656 0.676717 0.676740 
0.676632 0.677398 0.678243 0.678124 0.677189 0.677217 0.677140 0.677508 
0.676686 0.677165 0.678435 0.678325 0.676710 0.676729 0.676739 0.676969 
0.677038 0.677487 0.678694 0.678850 0.677045 0.676796 0.676500 0.676287 

0.670633 0.670647 0.671675 0.672503 0.671793 0.669937 0.669833 0.670006 
0.671336 0.670437 0.671807 0.672811 0.673099 0.671274 0.670479 0.670281 
0.671570 0.671844 0.672897 0.673586 0.674094 0.673256 0.671836 0.671085 
0.670864 0.671909 0.673268 0.673790 0.674127 0.673592 0.672092 0.671165 
0.670144 0.671602 0.673034 0.673631 0.672813 0.672507 0.671072 0.670598 
0.670185 0.671153 0.672652 0.672779 0.671981 0.671534 0.670820 0.670825 
0.671106 0.671843 0.672968 0.672690 0.671395 0.670983 0.670590 0.670832 
0.672093 0.672439 0.672544 0.672540 0.671524 0.671088 0.671114 0.671394 

0.695457 0.695792 0.696406 0.697016 0.696908 0.696398 0.696044 0.694993 
0.695276 0.695650 0.696556 0.697583 0.697955 0.697030 0.696574 0.695911 
0.695479 0.695693 0.697193 0.697934 0.698827 0.697534 0.696757 0.696099 
0.695672 0.695692 0.697326 0.697559 0.698853 0.697602 0.696633 0.695259 
0.695087 0.695462 0.697250 0.697187 0.697884 0.696888 0.695825 0.694983 
0.695251 0.695602 0.696794 0.697031 0.696321 0.696049 0.695608 0.695498 
0.695394 0.696178 0.697262 0.697545 0.695826 0.695025 0.695390 0.695432 
0.695954 0.696416 0.697273 0.697712 0.696067 0.695379 0.695493 0.695421 

0.662553 0.662876 0.663619 0.663375 0.663000 0.662427 0.662283 0.661709 
0.662063 0.662095 0.662948 0.663363 0.663378 0.662769 0.662748 0.662189 
0.662376 0.662433 0.663007 0.663497 0.663659 0.662876 0.662264 0.661824 
0.662335 0.662718 0.663425 0.664019 0.664229 0.663397 0.662146 0.661722 
0.661926 0.662603 0.663175 0.663438 0.662988 0.662596 0.662067 0.662171 
0.661955 0.662473 0.663144 0.663338 0.662445 0.662489 0.662461 0.662736 
0.662392 0.662442 0.663417 0.663524 0.662211 0.662426 0.662493 0.662594 
0.662168 0.662545 0.663283 0.663394 0.662004 0.661874 0.661776 0.661660 

0.656303 0.656386 0.657086 0.657568 0.657234 0.655941 0.655993 0.656090 
0.657059 0.656728 0.657445 0.658058 0.657998 0.656848 0.656411 0.656467 
0.657234 0.657161 0.658073 0.658798 0.658943 0.658360 0.657628 0.656884 
0.656845 0.657744 0.658395 0.658733 0.658630 0.658382 0.657469 0.656872 
0.656354 0.657341 0.658297 0.658801 0.658132 0.657768 0.656898 0.656448 
0.656224 0.656657 0.657731 0.658254 0.657336 0.657219 0.656621 0.656530 
0.657250 0.657460 0.658123 0.657875 0.656929 0.656781 0.656613 0.656760 
0.657612 0.657914 0.657943 0.657903 0.657239 0.657224 0.657141 0.657415 

0.679738 0.679725 0.680353 0.680515 0.680443 0.679932 0.679987 0.679295 
0.679491 0.679620 0.680787 0.681265 0.681348 0.680629 0.680401 0.680002 
0.679788 0.679609 0.680766 0.681224 0.681857 0.681076 0.680648 0.680014 
0.679991 0.679791 0.681165 0.681324 0.681726 0.681076 0.680444 0.679360 
0.679540 0.679748 0.680769 0.680958 0.681040 0.680595 0.680056 0.679269 
0.679340 0.679601 0.680534 0.680820 0.680260 0.679894 0.679655 0.679478 
0.679869 0.680240 0.680834 0.681259 0.679973 0.679390 0.679759 0.679836 
0.679940 0.680218 0.680738 0.681043 0.679998 0.679541 0.679726 0.679905 

LAYER4: 12 Features, size=[12x4x4]:
0.671135 0.672159 0.671947 0.670939 
0.671367 0.672487 0.672887 0.670815 
0.671035 0.672056 0.671682 0.671095 
0.671303 0.672405 0.671108 0.670730 

0.665161 0.666271 0.665995 0.664578 
0.665791 0.667351 0.667777 0.665849 
0.664980 0.666933 0.666339 0.665041 
0.666228 0.666727 0.665737 0.665447 

0.689094 0.690376 0.690641 0.689535 
0.689315 0.690824 0.691582 0.689726 
0.689077 0.690350 0.690119 0.689136 
0.689714 0.690692 0.689518 0.689131 

0.672878 0.674124 0.673392 0.672477 
0.672852 0.674211 0.673928 0.672337 
0.672688 0.673883 0.673313 0.672653 
0.672773 0.674079 0.672360 0.672471 

0.666326 0.668038 0.666711 0.665970 
0.667559 0.669016 0.669199 0.667053 
0.666657 0.668813 0.667960 0.666648 
0.667643 0.668269 0.666919 0.666898 

0.690848 0.692222 0.691963 0.690946 
0.691011 0.692786 0.693089 0.691460 
0.690740 0.692337 0.692076 0.690804 
0.691294 0.692561 0.690734 0.690910 

0.677201 0.678361 0.677971 0.676882 
0.677190 0.678558 0.678817 0.676714 
0.676910 0.678276 0.677632 0.677026 
0.677094 0.678576 0.676820 0.676624 

0.670763 0.672199 0.671526 0.670150 
0.671547 0.673386 0.673767 0.671544 
0.670771 0.673024 0.672209 0.670829 
0.671870 0.672686 0.671247 0.670983 

0.695544 0.696890 0.697073 0.695880 
0.695634 0.697503 0.698204 0.696187 
0.695350 0.697065 0.696785 0.695479 
0.695986 0.697448 0.695574 0.695434 

0.662397 0.663326 0.662894 0.662232 
0.662465 0.663487 0.663540 0.661989 
0.662239 0.663274 0.662629 0.662359 
0.662387 0.663404 0.662129 0.662131 

0.656619 0.657539 0.657005 0.656240 
0.657246 0.658500 0.658579 0.657213 
0.656644 0.658271 0.657614 0.656624 
0.657559 0.657961 0.657043 0.656982 

0.679644 0.680730 0.680588 0.679921 
0.679795 0.681120 0.681434 0.680117 
0.679557 0.680770 0.680447 0.679615 
0.680067 0.680969 0.679725 0.679806 

C3 10 Weights, size=[10x4x4]:
0.05 0.06 0.05 0.04 
0.03 0.06 0.03 0.03 
0.06 0.07 0.07 0.08 
0.03 0.05 0.01 0.01 

0.02 0.04 0.09 0.00 
0.00 0.01 0.02 0.00 
0.04 0.02 0.05 0.03 
0.06 0.09 0.04 0.00 

0.08 0.02 0.00 0.05 
0.01 0.03 0.01 0.02 
0.07 0.09 0.01 0.08 
0.05 0.06 0.08 0.01 

0.07 0.03 0.07 0.01 
0.05 0.00 0.01 0.09 
0.04 0.09 0.06 0.09 
0.03 0.03 0.03 0.06 

0.04 0.09 0.01 0.09 
0.06 0.07 0.09 0.05 
0.00 0.03 0.01 0.06 
0.09 0.03 0.03 0.06 

0.03 0.05 0.06 0.01 
0.00 0.08 0.02 0.07 
0.00 0.09 0.07 0.00 
0.03 0.08 0.03 0.05 

0.03 0.09 0.03 0.07 
0.09 0.02 0.06 0.00 
0.01 0.07 0.03 0.01 
0.06 0.06 0.01 0.05 

0.05 0.02 0.09 0.07 
0.00 0.04 0.07 0.01 
0.04 0.07 0.06 0.09 
0.05 0.07 0.00 0.09 

0.04 0.05 0.04 0.07 
0.03 0.03 0.08 0.04 
0.04 0.05 0.09 0.05 
0.09 0.02 0.06 0.05 

0.09 0.01 0.01 0.08 
0.07 0.04 0.05 0.07 
0.02 0.03 0.00 0.01 
0.03 0.08 0.09 0.05 

OUTPUT: 10 Features, size=[10x1x1]:
0.997388 0.983824 0.995751 0.997890 0.998632 0.995285 0.995983 0.998837 0.998772 0.997086 
